,District,2016,2017,2018,2019,CAGR%
0,Adilabad,5075567,825391,644748,775901,-37.47
1,Bhadradri Kothagudem ,889030,4094317,3799878,12817737,94.86
2,Hyderabad,23558336,27407421,19858439,14121662,-12.01
3,Jagtial ,623077,3641401,3952921,3086115,49.18
4,Jangaon ,40662,165708,291022,328890,68.64
5,Jayashankar Bhoopalpally,243486,1831592,16896464,662575,28.44
6,Jogulamba Gadwal ,523446,2245704,2036845,2008290,39.96
7,Kamareddy ,127,540,572,534,43.2
8,Karimnagar ,9167468,123976,93448,77491,-69.68
9,Khammam,5005031,1542403,1417441,1413440,-27.1
10,Komaram Bheem Asifabad,0,50991,22554,19189,0.0
11,Mahabubabad ,140002,141815,165995,152885,2.23
12,Mahbubnagar,8305634,3488749,2852762,2535255,-25.67
13,Mancherial,7802,191626,398004,269820,142.5
14,Medak ,3463200,7726869,3900000,5452570,12.02
15,Medchal ,0,0,0,0,0.0
16,Mulugu,0,0,0,1820375,0.0
17,Nagarkurnool ,588502,2653956,2089147,2093511,37.34
18,Nalgonda,5858461,241916,160638,140918,-60.62
19,Narayanapet,0,0,0,389255,0.0
20,Nirmal,916610,4405083,4177327,3816778,42.85
21,Nizamabad,6442,21951,41425,46334,63.76
22,Peddapalli,3244,14898,22254,16581,50.36
23,Rajanna Sircilla ,2176801,11919347,10834231,16832897,66.76
24,Ranga Reddy,0,0,0,0,0.0
25,Sangareddy ,778000,2823450,2269900,4553160,55.54
26,Siddipet,358400,1145721,1283300,2987864,69.92
27,Suryapet,0,0,0,0,0.0
28,Vikarabad,0,0,0,0,0.0
29,Wanaparthy ,60138,244701,286600,298639,49.28
30,Warangal (Rural),19400,144556,302012,353500,106.61
31,Warangal (Urban),25789934,1422632,1725178,1797680,-48.62
32,Yadadri Bhongir,1728600,7001728,13673378,4489374,26.95
